-249	  | 3		  | -2		  | 																																																																																																																																												
-248	  | 3		  | -2		  | 1F 																																																																																																																																												
-247	  | 3		  | -2		  | 1F 																																																																																																																																												
-246	  | 3		  | -2		  | 1T 																																																																																																																																												
-245	  | 3		  | -2		  | 1T 																																																																																																																																												
-244	  | 3		  | -2		  | 1F 																																																																																																																																												
-243	  | 3		  | -2		  | 1F 																																																																																																																																												
-242	  | 3		  | -2		  | 1T 																																																																																																																																												
-241	  | 3		  | -2		  | 1F 																																																																																																																																												
-240	  | 3		  | -2		  | 1F 																																																																																																																																												
-239	  | 3		  | -2		  | 1T 																																																																																																																																												
-238	  | 3		  | -2		  | 1F 																																																																																																																																												
-237	  | 3		  | -2		  | 1F 																																																																																																																																												
-236	  | 3		  | -2		  | 1T 																																																																																																																																												
-235	  | 3		  | -2		  | 1T 																																																																																																																																												
-234	  | 3		  | -2		  | 1F 																																																																																																																																												
-233	  | 3		  | -2		  | 1F 																																																																																																																																												
-232	  | 3		  | -2		  | 1T 																																																																																																																																												
-231	  | 3		  | -2		  | 1F 1T 																																																																																																																																											
-230	  | 3		  | -2		  | 1T 																																																																																																																																												
-229	  | 3		  | -2		  | 1F 																																																																																																																																												
-228	  | 3		  | -2		  | 1F 																																																																																																																																												
-227	  | 3		  | -2		  | 1F 																																																																																																																																												
-226	  | 3		  | -2		  | 1F 																																																																																																																																												
-225	  | 3		  | -2		  | 1T 																																																																																																																																												
-224	  | 3		  | -2		  | 1F 																																																																																																																																												
-223	  | 3		  | -2		  | 1F 																																																																																																																																												
-222	  | 3		  | -2		  | 1F 																																																																																																																																												
-221	  | 3		  | -2		  | 1F 																																																																																																																																												
-220	  | 3		  | -2		  | 1F 																																																																																																																																												
-219	  | 3		  | -2		  | 1F 																																																																																																																																												
-218	  | 3		  | -2		  | 1F 																																																																																																																																												
-217	  | 3		  | -2		  | 1F 																																																																																																																																												
-216	  | 3		  | -2		  | 1F 																																																																																																																																												
-215	  | 3		  | -2		  | 1T 																																																																																																																																												
-214	  | 3		  | -2		  | 1T 																																																																																																																																												
-213	  | 3		  | -2		  | 1F 1T 																																																																																																																																											
-212	  | 3		  | -2		  | 1T 																																																																																																																																												
-211	  | 3		  | -2		  | 1F 																																																																																																																																												
-210	  | 3		  | -2		  | 1F 																																																																																																																																												
-209	  | 3		  | -2		  | 1T 																																																																																																																																												
-208	  | 3		  | -2		  | 1F 1T 																																																																																																																																											
-207	  | 3		  | -2		  | 1T 																																																																																																																																												
-206	  | 3		  | -2		  | 1F 																																																																																																																																												
-205	  | 3		  | -2		  | 1F 																																																																																																																																												
-204	  | 3		  | -2		  | 1T 																																																																																																																																												
-203	  | 3		  | -2		  | 1F 																																																																																																																																												
-202	  | 3		  | -2		  | 1F 																																																																																																																																												
-201	  | 3		  | -2		  | 1F 																																																																																																																																												
-200	  | 3		  | -2		  | 1T 																																																																																																																																												
-199	  | 3		  | -2		  | 1F 1T 																																																																																																																																											
-198	  | 3		  | -2		  | 1T 																																																																																																																																												
-197	  | 3		  | -2		  | 1T 																																																																																																																																												
-196	  | 3		  | -2		  | 1F 																																																																																																																																												
-195	  | 3		  | -2		  | 1F 																																																																																																																																												
-194	  | 3		  | -2		  | 1T 																																																																																																																																												
-193	  | 3		  | -2		  | 1F 																																																																																																																																												
-192	  | 3		  | -2		  | 1F 																																																																																																																																												
-191	  | 3		  | -2		  | 1F 																																																																																																																																												
-190	  | 3		  | -2		  | 1F 																																																																																																																																												
-189	  | 3		  | -2		  | 1F 																																																																																																																																												
-188	  | 3		  | -2		  | 1T 																																																																																																																																												
-187	  | 3		  | -2		  | 1F 																																																																																																																																												
-186	  | 3		  | -2		  | 1F 																																																																																																																																												
-185	  | 3		  | -2		  | 1F 																																																																																																																																												
-184	  | 3		  | -2		  | 1F 																																																																																																																																												
-183	  | 3		  | -2		  | 1F 																																																																																																																																												
-182	  | 3		  | -2		  | 1T 																																																																																																																																												
-181	  | 3		  | -2		  | 1F 																																																																																																																																												
-180	  | 3		  | -2		  | 1T 																																																																																																																																												
-179	  | 2		  | -1		  | 1F 																																																																																																																																												
-178	  | 2		  | -1		  | 1F 																																																																																																																																												
-177	  | 2		  | -1		  | 1T 																																																																																																																																												
-176	  | 2		  | -1		  | 1T 																																																																																																																																												
-175	  | 2		  | -1		  | 1F 																																																																																																																																												
-174	  | 2		  | -1		  | 1T 																																																																																																																																												
-173	  | 2		  | -1		  | 1T 																																																																																																																																												
-172	  | 2		  | -1		  | 1F 																																																																																																																																												
-171	  | 2		  | -1		  | 1T 																																																																																																																																												
-170	  | 2		  | -1		  | 1T 																																																																																																																																												
-169	  | 2		  | -1		  | 1F 																																																																																																																																												
-168	  | 2		  | -1		  | 1F 1T 																																																																																																																																											
-167	  | 2		  | -1		  | 1T 																																																																																																																																												
-166	  | 2		  | -1		  | 1F 																																																																																																																																												
-165	  | 2		  | -1		  | 1F 																																																																																																																																												
-164	  | 2		  | -1		  | 1F 																																																																																																																																												
-163	  | 2		  | -1		  | 1F 																																																																																																																																												
-162	  | 2		  | -1		  | 1F 																																																																																																																																												
-161	  | 2		  | -1		  | 2F 																																																																																																																																												
-160	  | 2		  | -1		  | 1F 																																																																																																																																												
-159	  | 2		  | -1		  | 2T 																																																																																																																																												
-158	  | 2		  | -1		  | 1T 																																																																																																																																												
-157	  | 2		  | -1		  | 1T 																																																																																																																																												
-156	  | 2		  | -1		  | 1F 																																																																																																																																												
-155	  | 2		  | -1		  | 1F 																																																																																																																																												
-154	  | 2		  | -1		  | 1F 																																																																																																																																												
-153	  | 2		  | -1		  | 1F 																																																																																																																																												
-152	  | 2		  | -1		  | 2F 																																																																																																																																												
-151	  | 2		  | -1		  | 1F 																																																																																																																																												
-150	  | 2		  | -1		  | 1F 																																																																																																																																												
-149	  | 2		  | -1		  | 1F 																																																																																																																																												
-148	  | 2		  | -1		  | 1F 																																																																																																																																												
-147	  | 2		  | -1		  | 1F 																																																																																																																																												
-146	  | 2		  | -1		  | 1T 																																																																																																																																												
-145	  | 2		  | -1		  | 1F 																																																																																																																																												
-144	  | 2		  | -1		  | 1F 																																																																																																																																												
-143	  | 2		  | -1		  | 1F 																																																																																																																																												
-142	  | 2		  | -1		  | 1F 																																																																																																																																												
-141	  | 2		  | -1		  | 1F 																																																																																																																																												
-140	  | 2		  | -1		  | 1T 																																																																																																																																												
-139	  | 2		  | -1		  | 1F 																																																																																																																																												
-138	  | 2		  | -1		  | 1F 																																																																																																																																												
-137	  | 2		  | -1		  | 1F 																																																																																																																																												
-136	  | 2		  | -1		  | 1F 																																																																																																																																												
-135	  | 2		  | -1		  | 1F 																																																																																																																																												
-134	  | 2		  | -1		  | 1T 																																																																																																																																												
-133	  | 2		  | -1		  | 1F 																																																																																																																																												
-132	  | 2		  | -1		  | 1F 																																																																																																																																												
-131	  | 2		  | -1		  | 1F 																																																																																																																																												
-130	  | 2		  | -1		  | 1F 																																																																																																																																												
-129	  | 2		  | -1		  | 1T 1F 																																																																																																																																											
-128	  | 2		  | -1		  | 1F 																																																																																																																																												
-127	  | 2		  | -1		  | 2F 																																																																																																																																												
-126	  | 2		  | -1		  | 1F 																																																																																																																																												
-125	  | 2		  | -1		  | 1F 																																																																																																																																												
-124	  | 2		  | -1		  | 1T 																																																																																																																																												
-123	  | 2		  | -1		  | 1F 																																																																																																																																												
-122	  | 2		  | -1		  | 1F 																																																																																																																																												
-121	  | 2		  | -1		  | 1T 																																																																																																																																												
-120	  | 2		  | -1		  | 2F 																																																																																																																																												
-119	  | 2		  | -1		  | 1F 																																																																																																																																												
-118	  | 2		  | -1		  | 1F 																																																																																																																																												
-117	  | 2		  | -1		  | 1F 																																																																																																																																												
-116	  | 2		  | -1		  | 1T 																																																																																																																																												
-115	  | 2		  | -1		  | 1F 1T 1F 																																																																																																																																										
-114	  | 2		  | -1		  | 1T 																																																																																																																																												
-113	  | 2		  | -1		  | 1F 																																																																																																																																												
-112	  | 2		  | -1		  | 1F 																																																																																																																																												
-111	  | 2		  | -1		  | 1F 																																																																																																																																												
-110	  | 2		  | -1		  | 2F 																																																																																																																																												
-109	  | 2		  | -1		  | 1F 																																																																																																																																												
-108	  | 2		  | -1		  | 1T 																																																																																																																																												
-107	  | 2		  | -1		  | 1F 																																																																																																																																												
-106	  | 2		  | -1		  | 1F 																																																																																																																																												
-105	  | 2		  | -1		  | 2F 																																																																																																																																												
-104	  | 2		  | -1		  | 1F 																																																																																																																																												
-103	  | 2		  | -1		  | 1F 																																																																																																																																												
-102	  | 2		  | -1		  | 1F 																																																																																																																																												
-101	  | 2		  | -1		  | 1F 																																																																																																																																												
-100	  | 2		  | -1		  | 1F 																																																																																																																																												
-99		  | 2		  | -1		  | 1T 																																																																																																																																												
-98		  | 2		  | -1		  | 1T 																																																																																																																																												
-97		  | 2		  | -1		  | 2F 																																																																																																																																												
-96		  | 2		  | -1		  | 1F 																																																																																																																																												
-95		  | 2		  | -1		  | 1F 																																																																																																																																												
-94		  | 2		  | -1		  | 1F 																																																																																																																																												
-93		  | 2		  | -1		  | 1F 																																																																																																																																												
-92		  | 2		  | -1		  | 1F 																																																																																																																																												
-91		  | 2		  | -1		  | 1F 																																																																																																																																												
-90		  | 2		  | -1		  | 6F 																																																																																																																																												
-89		  | 1		  | 0		  | 1F 																																																																																																																																												
-88		  | 1		  | 0		  | 1F 																																																																																																																																												
-87		  | 1		  | 0		  | 1F 																																																																																																																																												
-86		  | 1		  | 0		  | 1F 																																																																																																																																												
-85		  | 1		  | 0		  | 1F 																																																																																																																																												
-84		  | 1		  | 0		  | 2F 																																																																																																																																												
-83		  | 1		  | 0		  | 1F 																																																																																																																																												
-82		  | 1		  | 0		  | 2F 																																																																																																																																												
-81		  | 1		  | 0		  | 1F 																																																																																																																																												
-80		  | 1		  | 0		  | 2F 																																																																																																																																												
-79		  | 1		  | 0		  | 1F 																																																																																																																																												
-78		  | 1		  | 0		  | 2F 																																																																																																																																												
-77		  | 1		  | 0		  | 1F 																																																																																																																																												
-76		  | 1		  | 0		  | 1T 																																																																																																																																												
-75		  | 1		  | 0		  | 1T 																																																																																																																																												
-74		  | 1		  | 0		  | 1F 																																																																																																																																												
-73		  | 1		  | 0		  | 2F 																																																																																																																																												
-72		  | 1		  | 0		  | 1F 																																																																																																																																												
-71		  | 1		  | 0		  | 1F 																																																																																																																																												
-70		  | 1		  | 0		  | 1T 1F 																																																																																																																																											
-69		  | 1		  | 0		  | 3F 																																																																																																																																												
-68		  | 1		  | 0		  | 3F 																																																																																																																																												
-67		  | 1		  | 0		  | 2F 																																																																																																																																												
-66		  | 1		  | 0		  | 1F 																																																																																																																																												
-65		  | 1		  | 0		  | 1F 																																																																																																																																												
-64		  | 1		  | 0		  | 1F 																																																																																																																																												
-63		  | 1		  | 0		  | 1F 1T 																																																																																																																																											
-62		  | 1		  | 0		  | 2T 																																																																																																																																												
-61		  | 1		  | 0		  | 1T 																																																																																																																																												
-60		  | 1		  | 0		  | 2T 																																																																																																																																												
-59		  | 1		  | 0		  | 1T 																																																																																																																																												
-58		  | 1		  | 0		  | 1F 																																																																																																																																												
-57		  | 1		  | 0		  | 1F 																																																																																																																																												
-56		  | 1		  | 0		  | 1F 																																																																																																																																												
-55		  | 1		  | 0		  | 1F 																																																																																																																																												
-54		  | 1		  | 0		  | 1T 																																																																																																																																												
-53		  | 1		  | 0		  | 1F 																																																																																																																																												
-52		  | 1		  | 0		  | 1F 																																																																																																																																												
-51		  | 1		  | 0		  | 1F 																																																																																																																																												
-50		  | 1		  | 0		  | 1F 																																																																																																																																												
-49		  | 1		  | 0		  | 1F 																																																																																																																																												
-48		  | 1		  | 0		  | 1F 																																																																																																																																												
-47		  | 1		  | 0		  | 1F 																																																																																																																																												
-46		  | 1		  | 0		  | 1F 																																																																																																																																												
-45		  | 1		  | 0		  | 1F 1T 																																																																																																																																											
-44		  | 1		  | 0		  | 1T 																																																																																																																																												
-43		  | 1		  | 0		  | 1F 																																																																																																																																												
-42		  | 1		  | 0		  | 1F 																																																																																																																																												
-41		  | 1		  | 0		  | 1F 																																																																																																																																												
-40		  | 1		  | 0		  | 1F 																																																																																																																																												
-39		  | 1		  | 0		  | 1T 																																																																																																																																												
-38		  | 1		  | 0		  | 1F 																																																																																																																																												
-37		  | 1		  | 0		  | 1F 																																																																																																																																												
-36		  | 1		  | 0		  | 1F 																																																																																																																																												
-35		  | 1		  | 0		  | 1T 																																																																																																																																												
-34		  | 1		  | 0		  | 1F 																																																																																																																																												
-33		  | 1		  | 0		  | 1F 																																																																																																																																												
-32		  | 1		  | 0		  | 1F 																																																																																																																																												
-31		  | 1		  | 0		  | 1F 																																																																																																																																												
-30		  | 1		  | 0		  | 1T 																																																																																																																																												
-29		  | 1		  | 0		  | 1T 																																																																																																																																												
-28		  | 1		  | 0		  | 1F 																																																																																																																																												
-27		  | 1		  | 0		  | 1F 																																																																																																																																												
-26		  | 1		  | 0		  | 1F 																																																																																																																																												
-25		  | 1		  | 0		  | 1F 																																																																																																																																												
-24		  | 1		  | 0		  | 2F 																																																																																																																																												
-23		  | 1		  | 0		  | 1F 																																																																																																																																												
-22		  | 1		  | 0		  | 1F 																																																																																																																																												
-21		  | 1		  | 0		  | 1T 																																																																																																																																												
-20		  | 1		  | 0		  | 1F 																																																																																																																																												
-19		  | 1		  | 0		  | 1F 																																																																																																																																												
-18		  | 1		  | 0		  | 1F 																																																																																																																																												
-17		  | 1		  | 0		  | 1F 																																																																																																																																												
-16		  | 1		  | 0		  | 1F 																																																																																																																																												
-15		  | 1		  | 0		  | 1F 																																																																																																																																												
-14		  | 1		  | 0		  | 1F 																																																																																																																																												
-13		  | 1		  | 0		  | 3F 																																																																																																																																												
-12		  | 1		  | 0		  | 1F 																																																																																																																																												
-11		  | 1		  | 0		  | 1F 																																																																																																																																												
-10		  | 1		  | 0		  | 1F 																																																																																																																																												
-9		  | 1		  | 0		  | 1F 																																																																																																																																												
-8		  | 1		  | 0		  | 1F 																																																																																																																																												
-7		  | 1		  | 0		  | 1T 																																																																																																																																												
-6		  | 1		  | 0		  | 1F 																																																																																																																																												
-5		  | 1		  | 0		  | 1T 																																																																																																																																												
-4		  | 1		  | 0		  | 1F 																																																																																																																																												
-3		  | 1		  | 0		  | 1T 																																																																																																																																												
-2		  | 1		  | 0		  | 1F 																																																																																																																																												
-1		  | 1		  | 0		  | 1F 																																																																																																																																												
0		  | 1		  | 0		  | 1F 																																																																																																																																												
1		  | 1		  | 0		  | 1T 																																																																																																																																												
2		  | 1		  | 0		  | 1F 																																																																																																																																												
3		  | 1		  | 0		  | 1F 																																																																																																																																												
4		  | 1		  | 0		  | 2F 																																																																																																																																												
5		  | 1		  | 0		  | 1F 																																																																																																																																												
6		  | 1		  | 0		  | 1F 																																																																																																																																												
7		  | 1		  | 0		  | 2F 																																																																																																																																												
8		  | 1		  | 0		  | 2F 																																																																																																																																												
9		  | 1		  | 0		  | 1F 																																																																																																																																												
10		  | 1		  | 0		  | 1F 																																																																																																																																												
11		  | 1		  | 0		  | 1F 																																																																																																																																												
12		  | 1		  | 0		  | 1F 																																																																																																																																												
13		  | 1		  | 0		  | 1F 																																																																																																																																												
14		  | 1		  | 0		  | 1T 																																																																																																																																												
15		  | 1		  | 0		  | 1F 																																																																																																																																												
16		  | 1		  | 0		  | 1F 																																																																																																																																												
17		  | 1		  | 0		  | 1F 																																																																																																																																												
18		  | 1		  | 0		  | 1F 																																																																																																																																												
19		  | 1		  | 0		  | 1F 																																																																																																																																												
20		  | 1		  | 0		  | 1T 																																																																																																																																												
21		  | 1		  | 0		  | 1F 																																																																																																																																												
22		  | 1		  | 0		  | 1F 																																																																																																																																												
23		  | 1		  | 0		  | 1F 																																																																																																																																												
24		  | 1		  | 0		  | 1F 																																																																																																																																												
25		  | 1		  | 0		  | 1F 1T 																																																																																																																																											
26		  | 1		  | 0		  | 1T 																																																																																																																																												
27		  | 1		  | 0		  | 1F 																																																																																																																																												
28		  | 1		  | 0		  | 1F 																																																																																																																																												
29		  | 1		  | 0		  | 1F 																																																																																																																																												
30		  | 1		  | 0		  | 1F 																																																																																																																																												
31		  | 1		  | 0		  | 1T 																																																																																																																																												
32		  | 1		  | 0		  | 1T 																																																																																																																																												
33		  | 1		  | 0		  | 1F 																																																																																																																																												
34		  | 1		  | 0		  | 1F 																																																																																																																																												
35		  | 1		  | 0		  | 1F 																																																																																																																																												
36		  | 1		  | 0		  | 1F 																																																																																																																																												
37		  | 1		  | 0		  | 1F 																																																																																																																																												
38		  | 1		  | 0		  | 1F 																																																																																																																																												
39		  | 1		  | 0		  | 1F 																																																																																																																																												
40		  | 1		  | 0		  | 1T 																																																																																																																																												
41		  | 1		  | 0		  | 1T 																																																																																																																																												
42		  | 1		  | 0		  | 1F 																																																																																																																																												
43		  | 1		  | 0		  | 2F 																																																																																																																																												
44		  | 1		  | 0		  | 1F 1T 																																																																																																																																											
45		  | 1		  | 0		  | 1T 																																																																																																																																												
46		  | 1		  | 0		  | 1F 																																																																																																																																												
47		  | 1		  | 0		  | 1T 																																																																																																																																												
48		  | 1		  | 0		  | 2T 																																																																																																																																												
49		  | 1		  | 0		  | 3T 																																																																																																																																												
50		  | 1		  | 0		  | 3T 																																																																																																																																												
51		  | 1		  | 0		  | 2T 																																																																																																																																												
52		  | 1		  | 0		  | 1T 																																																																																																																																												
53		  | 1		  | 0		  | 1F 1T 																																																																																																																																											
54		  | 1		  | 0		  | 1T 1F 1T 																																																																																																																																										
55		  | 1		  | 0		  | 1F 1T 1F 																																																																																																																																										
56		  | 1		  | 0		  | 1T 1F 																																																																																																																																											
57		  | 1		  | 0		  | 1F 																																																																																																																																												
58		  | 1		  | 0		  | 1T 																																																																																																																																												
59		  | 1		  | 0		  | 1T 																																																																																																																																												
60		  | 1		  | 0		  | 1F 																																																																																																																																												
61		  | 1		  | 0		  | 1T 																																																																																																																																												
62		  | 1		  | 0		  | 1F 1T 																																																																																																																																											
63		  | 1		  | 0		  | 1T 																																																																																																																																												
64		  | 1		  | 0		  | 1T 																																																																																																																																												
65		  | 1		  | 0		  | 1F 																																																																																																																																												
66		  | 1		  | 0		  | 1F 																																																																																																																																												
67		  | 1		  | 0		  | 1F 																																																																																																																																												
68		  | 1		  | 0		  | 2F 																																																																																																																																												
69		  | 1		  | 0		  | 1F 																																																																																																																																												
70		  | 1		  | 0		  | 1F 																																																																																																																																												
71		  | 1		  | 0		  | 1F 																																																																																																																																												
72		  | 1		  | 0		  | 1T 																																																																																																																																												
73		  | 1		  | 0		  | 1T 																																																																																																																																												
74		  | 1		  | 0		  | 1F 																																																																																																																																												
75		  | 1		  | 0		  | 1F 																																																																																																																																												
76		  | 1		  | 0		  | 1T 																																																																																																																																												
77		  | 1		  | 0		  | 1F 																																																																																																																																												
78		  | 1		  | 0		  | 1F 																																																																																																																																												
79		  | 1		  | 0		  | 1F 																																																																																																																																												
80		  | 1		  | 0		  | 1T 																																																																																																																																												
81		  | 1		  | 0		  | 1F 1T 																																																																																																																																											
82		  | 1		  | 0		  | 1T 																																																																																																																																												
83		  | 1		  | 0		  | 1T 																																																																																																																																												
84		  | 1		  | 0		  | 1F 																																																																																																																																												
85		  | 1		  | 0		  | 1F 																																																																																																																																												
86		  | 1		  | 0		  | 1F 																																																																																																																																												
87		  | 1		  | 0		  | 1F 																																																																																																																																												
88		  | 1		  | 0		  | 1F 																																																																																																																																												
89		  | 1		  | 0		  | 2F 																																																																																																																																												
90		  | 2		  | 1		  | 7F 2T 1F 																																																																																																																																										
91		  | 2		  | 1		  | 2F 																																																																																																																																												
92		  | 2		  | 1		  | 1F 																																																																																																																																												
93		  | 2		  | 1		  | 1F 																																																																																																																																												
94		  | 2		  | 1		  | 1F 																																																																																																																																												
95		  | 2		  | 1		  | 1F 																																																																																																																																												
96		  | 2		  | 1		  | 1F 																																																																																																																																												
97		  | 2		  | 1		  | 1T 																																																																																																																																												
98		  | 2		  | 1		  | 1T 																																																																																																																																												
99		  | 2		  | 1		  | 1F 																																																																																																																																												
100		  | 2		  | 1		  | 1T 																																																																																																																																												
101		  | 2		  | 1		  | 1T 1F 																																																																																																																																											
102		  | 2		  | 1		  | 1F 1T 																																																																																																																																											
103		  | 2		  | 1		  | 1T 																																																																																																																																												
104		  | 2		  | 1		  | 1F 																																																																																																																																												
105		  | 2		  | 1		  | 1F 																																																																																																																																												
106		  | 2		  | 1		  | 1F 																																																																																																																																												
107		  | 2		  | 1		  | 1F 																																																																																																																																												
108		  | 2		  | 1		  | 1F 																																																																																																																																												
109		  | 2		  | 1		  | 1F 																																																																																																																																												
110		  | 2		  | 1		  | 2F 																																																																																																																																												
111		  | 2		  | 1		  | 1F 																																																																																																																																												
112		  | 2		  | 1		  | 1F 																																																																																																																																												
113		  | 2		  | 1		  | 2F 																																																																																																																																												
114		  | 2		  | 1		  | 1F 																																																																																																																																												
115		  | 2		  | 1		  | 1F 																																																																																																																																												
116		  | 2		  | 1		  | 1F 																																																																																																																																												
117		  | 2		  | 1		  | 1F 																																																																																																																																												
118		  | 2		  | 1		  | 1F 																																																																																																																																												
119		  | 2		  | 1		  | 1F 																																																																																																																																												
120		  | 2		  | 1		  | 2F 																																																																																																																																												
121		  | 2		  | 1		  | 1F 																																																																																																																																												
122		  | 2		  | 1		  | 1F 																																																																																																																																												
123		  | 2		  | 1		  | 1F 																																																																																																																																												
124		  | 2		  | 1		  | 1T 																																																																																																																																												
125		  | 2		  | 1		  | 1F 																																																																																																																																												
126		  | 2		  | 1		  | 1F 																																																																																																																																												
127		  | 2		  | 1		  | 1T 																																																																																																																																												
128		  | 2		  | 1		  | 1T 																																																																																																																																												
129		  | 2		  | 1		  | 1F 																																																																																																																																												
130		  | 2		  | 1		  | 1F 																																																																																																																																												
131		  | 2		  | 1		  | 1F 																																																																																																																																												
132		  | 2		  | 1		  | 1F 																																																																																																																																												
133		  | 2		  | 1		  | 1F 																																																																																																																																												
134		  | 2		  | 1		  | 1F 																																																																																																																																												
135		  | 2		  | 1		  | 1F 																																																																																																																																												
136		  | 2		  | 1		  | 1T 																																																																																																																																												
137		  | 2		  | 1		  | 1F 																																																																																																																																												
138		  | 2		  | 1		  | 1F 																																																																																																																																												
139		  | 2		  | 1		  | 1F 																																																																																																																																												
140		  | 2		  | 1		  | 1F 																																																																																																																																												
141		  | 2		  | 1		  | 1F 																																																																																																																																												
142		  | 2		  | 1		  | 1F 																																																																																																																																												
143		  | 2		  | 1		  | 1F 																																																																																																																																												
144		  | 2		  | 1		  | 1F 																																																																																																																																												
145		  | 2		  | 1		  | 1F 																																																																																																																																												
146		  | 2		  | 1		  | 1F 																																																																																																																																												
147		  | 2		  | 1		  | 1F 																																																																																																																																												
148		  | 2		  | 1		  | 1T 																																																																																																																																												
149		  | 2		  | 1		  | 1F 																																																																																																																																												
150		  | 2		  | 1		  | 1F 																																																																																																																																												
151		  | 2		  | 1		  | 1F 																																																																																																																																												
152		  | 2		  | 1		  | 1F 																																																																																																																																												
153		  | 2		  | 1		  | 1F 																																																																																																																																												
154		  | 2		  | 1		  | 1F 																																																																																																																																												
155		  | 2		  | 1		  | 1F 																																																																																																																																												
156		  | 2		  | 1		  | 1F 																																																																																																																																												
157		  | 2		  | 1		  | 1F 																																																																																																																																												
158		  | 2		  | 1		  | 1T 																																																																																																																																												
159		  | 2		  | 1		  | 1F 																																																																																																																																												
160		  | 2		  | 1		  | 1F 																																																																																																																																												
161		  | 2		  | 1		  | 1F 																																																																																																																																												
162		  | 2		  | 1		  | 1F 																																																																																																																																												
163		  | 2		  | 1		  | 1T 1F 																																																																																																																																											
164		  | 2		  | 1		  | 1F 																																																																																																																																												
165		  | 2		  | 1		  | 1F 																																																																																																																																												
166		  | 2		  | 1		  | 1F 																																																																																																																																												
167		  | 2		  | 1		  | 1F 																																																																																																																																												
168		  | 2		  | 1		  | 1T 																																																																																																																																												
169		  | 2		  | 1		  | 1T 																																																																																																																																												
170		  | 2		  | 1		  | 1F 																																																																																																																																												
171		  | 2		  | 1		  | 1F 																																																																																																																																												
172		  | 2		  | 1		  | 1T 																																																																																																																																												
173		  | 2		  | 1		  | 2F 																																																																																																																																												
174		  | 2		  | 1		  | 1F 																																																																																																																																												
175		  | 2		  | 1		  | 1F 																																																																																																																																												
176		  | 2		  | 1		  | 1F 																																																																																																																																												
177		  | 2		  | 1		  | 1T 																																																																																																																																												
178		  | 2		  | 1		  | 1F 																																																																																																																																												
179		  | 2		  | 1		  | 1T 																																																																																																																																												
180		  | 3		  | 2		  | 2T 1F 1T 4F 1T 2F 																																																																																																																																								
181		  | 3		  | 2		  | 1T 																																																																																																																																												
182		  | 3		  | 2		  | 1F 																																																																																																																																												
183		  | 3		  | 2		  | 1T 																																																																																																																																												
184		  | 3		  | 2		  | 1F 																																																																																																																																												
185		  | 3		  | 2		  | 1F 																																																																																																																																												
186		  | 3		  | 2		  | 1F 																																																																																																																																												
187		  | 3		  | 2		  | 1F 1T 																																																																																																																																											
188		  | 3		  | 2		  | 1T 																																																																																																																																												
189		  | 3		  | 2		  | 1F 																																																																																																																																												
190		  | 3		  | 2		  | 1F 																																																																																																																																												
191		  | 3		  | 2		  | 1F 																																																																																																																																												
192		  | 3		  | 2		  | 1F 																																																																																																																																												
193		  | 3		  | 2		  | 1F 																																																																																																																																												
194		  | 3		  | 2		  | 1T 																																																																																																																																												
195		  | 3		  | 2		  | 1T 																																																																																																																																												
196		  | 3		  | 2		  | 1F 																																																																																																																																												
197		  | 3		  | 2		  | 2F 																																																																																																																																												
198		  | 3		  | 2		  | 1F 																																																																																																																																												
199		  | 3		  | 2		  | 1T 																																																																																																																																												
200		  | 3		  | 2		  | 1F 																																																																																																																																												
201		  | 3		  | 2		  | 1F 																																																																																																																																												
202		  | 3		  | 2		  | 1F 																																																																																																																																												
203		  | 3		  | 2		  | 1T 																																																																																																																																												
204		  | 3		  | 2		  | 1F 																																																																																																																																												
205		  | 3		  | 2		  | 1F 																																																																																																																																												
206		  | 3		  | 2		  | 1F 1T 																																																																																																																																											
207		  | 3		  | 2		  | 1T 																																																																																																																																												
208		  | 3		  | 2		  | 1F 																																																																																																																																												
209		  | 3		  | 2		  | 1F 																																																																																																																																												
210		  | 3		  | 2		  | 1T 																																																																																																																																												
211		  | 3		  | 2		  | 1T 																																																																																																																																												
212		  | 3		  | 2		  | 1F 																																																																																																																																												
213		  | 3		  | 2		  | 1F 																																																																																																																																												
214		  | 3		  | 2		  | 1F 																																																																																																																																												
215		  | 3		  | 2		  | 1F 																																																																																																																																												
216		  | 3		  | 2		  | 1F 																																																																																																																																												
217		  | 3		  | 2		  | 1T 																																																																																																																																												
218		  | 3		  | 2		  | 1F 																																																																																																																																												
219		  | 3		  | 2		  | 1F 																																																																																																																																												
220		  | 3		  | 2		  | 1F 																																																																																																																																												
221		  | 3		  | 2		  | 1T 																																																																																																																																												
222		  | 3		  | 2		  | 1F 																																																																																																																																												
223		  | 3		  | 2		  | 1F 																																																																																																																																												
224		  | 3		  | 2		  | 1F 																																																																																																																																												
225		  | 3		  | 2		  | 1T 																																																																																																																																												
226		  | 3		  | 2		  | 1F 																																																																																																																																												
227		  | 3		  | 2		  | 1F 																																																																																																																																												
228		  | 3		  | 2		  | 1F 																																																																																																																																												
229		  | 3		  | 2		  | 1F 																																																																																																																																												
230		  | 3		  | 2		  | 1F 																																																																																																																																												
231		  | 3		  | 2		  | 1F 																																																																																																																																												
232		  | 3		  | 2		  | 1F 																																																																																																																																												
233		  | 3		  | 2		  | 1T 																																																																																																																																												
234		  | 3		  | 2		  | 1F 																																																																																																																																												
235		  | 3		  | 2		  | 1F 																																																																																																																																												
236		  | 3		  | 2		  | 1F 																																																																																																																																												
237		  | 3		  | 2		  | 1F 																																																																																																																																												
238		  | 3		  | 2		  | 1T 																																																																																																																																												
239		  | 3		  | 2		  | 1F 																																																																																																																																												
240		  | 3		  | 2		  | 2F 																																																																																																																																												
241		  | 3		  | 2		  | 1F 																																																																																																																																												
242		  | 3		  | 2		  | 1F 																																																																																																																																												
243		  | 3		  | 2		  | 1F 																																																																																																																																												
244		  | 3		  | 2		  | 1T 																																																																																																																																												
245		  | 3		  | 2		  | 1F 																																																																																																																																												
246		  | 3		  | 2		  | 1F 																																																																																																																																												
247		  | 3		  | 2		  | 1F 																																																																																																																																												
248		  | 3		  | 2		  | 1F 																																																																																																																																												
249		  | 3		  | 2		  | 1F 																																																																																																																																												
250		  | 3		  | 2		  | 																																																																																																																																												
